creditCard_r
33333333333333333333
33333333333333333333
33333333333333333333
33333333333333333333
33333333333333333333
77777777777777777777
77777777777777777777
77777777777777777777
77777777777777777777
77777777777777777777
77777777777777777777
77777777777777777777
77777777777777777777
12324151515124231312
12324151515124231312
12324151515124231312
12324151515124231312
12324151515124231312
12324151515124231312
12324151515124231312
12324151515124231312
63542336746734764343
63542336746734764343
63542336746734764343
63542336746734764343
63542336746734764343
63542336746734764343
53254359939328393492
53254359939328393492
53254359939328393492
53254359939328393492
53254359939328393492
53254359939328393492
53254359939328393492
53254359939328393492
53254359939328393492
53254359939328393492
89842927843629184791
89842927843629184791
89842927843629184791
89842927843629184791
89842927843629184791
89842927843629184791
89842927843629184791
89842927843629184791
89842927843629184791
89842927843629184791
89842927843629184791
89842927843629184791
89842927843629184791